N_A <- 17
varpi <-
structure(c(-0.02062163919363438, 0.7983492239429691, 0.875202967401643, 0.7584801242153235, 0.39648292692904447, 0.18654375538336554, -0.8265549830463083, -0.959785204860123, -0.9574453276262703, -0.7127997795549689, -0.6235500899374773, -0.7619926991807761, -0.6808821635300275, -0.6279159889944896, -0.626946541895066, -0.563865087940974, -0.08521682359072252, 0.4787245317291769, 0.3483907790290688, 0.42233644152331423, 0.6516961307758623, 0.5907625356413704, 0.765825598534319, 0.15218007586994164, 0.16815499330379222, 0.1676025600771251, -0.009833110874481694, -0.1830902865721958, -0.2529604657178958, -0.26635585182489974, -0.2597006801971586, -0.2596680129009417, -0.44323916187322554, -0.448759513629148, -0.8777229464458861, -0.4911846717042152, 0.23590611694651475, 0.00023302806160272106, -0.7027096947789724, -0.6153962787968604, -0.5418930563400272, 0.22480271074569677, 0.23496345771676394, 0.7012986412341876, -0.7600415990601272, 0.5961359988953701, -0.6822419215976843, 0.7336736791450305, 0.7345138233429609, -0.6968466172575125, -0.8895802335396388), .Dim = c(17, 3))
D <-
c(14.5, 15.0, 12.3, 13.7, 11.5, 12.5, 6.6, 10.0, 10.0, 13.1, 3.9, 13.8, 4.0, 8.6, 8.3, 13.9, 13.1)
N <- 57
detected <-
structure(c(0.0811738020582476, 0.7407190612428209, 0.00896130441450698, -0.8011883214363748, -0.31708425458531314, 0.4774529742063541, 0.8668623929352789, -0.7822278482796915, 0.8215220286044466, 0.5518911795531882, 0.021499374140703704, 0.497088708437428, 0.5003134160252984, -0.9809429099500896, 0.39039072459010365, 0.6920899966692373, -0.9313088432336565, -0.689496676373766, -0.5451667774759906, -0.424587769171827, 0.3727314098688532, -0.38796536631872597, -0.2740558415971711, 0.5266235031973299, 0.8634578946428848, 0.7183329804009598, 0.21192070657178902, 0.1717022490297481, -0.28716409185255765, -0.03844936098628593, -0.32634980239225414, -0.11097399592858957, 0.8876217147612064, 0.885700108220567, -0.32847081930863453, -0.681097144063771, -0.8187209548032688, -0.6792938734850095, 0.6200507528772088, 0.7720563326869876, 0.8040375995007769, 0.720411248383146, -0.2610488954566474, 0.7088970654167164, 0.5473066301040082, 0.703964713967264, -0.17290796471321537, -0.25967596474154214, 0.28033995634500575, -0.45869279123120543, -0.029349199792703243, -0.11048574300783118, 0.4327058265378508, 0.6743281732981423, -0.6506716526675996, -0.808451263841597, 0.3761759426161329, 0.8746321044519374, 0.05824299511217773, 0.7156980862697928, -0.2956850809100897, -0.3458151137413783, -0.21516242977020555, 0.09592323828028276, -0.35102363885226345, 0.5056705879180016, 0.3808070366727423, -0.28785728048417886, -0.20233409036856045, 0.6365155702184538, -0.06415482824525329, 0.6954064253026381, -0.7029627916663181, -0.331769265478686, 0.2947532264435602, -0.6214286965566135, 0.9004825241461855, 0.7377536360434973, 0.9110137375289149, -0.6737072792654171, -0.8388534181911471, 0.4952999258339706, 0.495911153426263, -0.7636441955340723, 0.515936643930885, 0.849839439981062, -0.663781026793375, 0.6139598135700512, -0.9841248985060366, 0.31568986465619264, 0.36076166548902705, -0.9020092688497209, 0.5831416363225393, 0.5741689208116451, -0.1467495221056053, 0.3508531675835686, 0.01805870895290457, 0.38887765687911613, 0.43469327286963333, -0.08814946389738237, 0.6735087191266956, -0.7083843977061387, 0.5269599348909234, -0.4808500184981642, 0.7735840123260156, -0.9594678509432168, 0.8783910553894095, 0.5613811481198666, 0.993121814040386, 0.8739455601375754, -0.3364026663186684, -0.6727993727541168, -0.3104116594217299, 0.3835437217322386, -0.4779429837557861, -0.6692854591517113, -0.6983523067427692, -0.5202572503302166, -0.8831021926153926, -0.8519059726500853, -0.48923238248540574, -0.5146863106229266, 0.2634365446028652, -0.7418909129730026, -0.9574319625873218, -0.8437794331569932, -0.5869705398182887, -0.18339892429202626, -0.6033282570888093, 0.16387418967937592, -0.15030965703680552, -0.661600233351411, -0.5626895767938057, 0.09410871360828359, -0.5628417793676797, -0.1397742629054937, -0.686303065380926, -0.1378137462998532, -0.09549056313447908, -0.48792402807784285, -0.6098665073220805, -0.8392423470770893, -0.4419385823880627, -0.7469380128959023, -0.7187135408489008, 0.13850255004195558, -0.33536189532761496, -0.2922094095193703, 0.2801538858768631, -0.4427781750891143, 0.005103777034185333, -0.7190440954541721, -0.7017400648765773, -0.6352974910928532, -0.4497751733580198, -0.5404159432556775, -0.9612924353158452, -0.2094061983416095, -0.44569832592315783, -0.47617949190272957, -0.8595848390060452, -0.5780451273119879, -0.02882623601661191, -0.1342761225401042, -0.827036777300229, -0.038755168289409274, -0.22132515807294723, -0.6573543646999548, -0.3520900516011233, -0.5000511530713359, -0.843436941161962), .Dim = c(57, 3))
A <-
c(458.75189079837014, 458.75189079837014, 458.75189079837014, 458.75189079837014, 458.75189079837014, 458.75189079837014, 458.75189079837014, 458.75189079837014, 458.75189079837014, 458.75189079837014, 458.75189079837014, 458.75189079837014, 458.75189079837014, 458.75189079837014, 458.75189079837014, 458.75189079837014, 458.75189079837014, 458.75189079837014, 458.75189079837014, 458.75189079837014, 458.75189079837014, 458.75189079837014, 458.75189079837014, 458.75189079837014, 458.75189079837014, 458.75189079837014, 458.75189079837014, 458.75189079837014, 458.75189079837014, 458.75189079837014, 458.75189079837014, 458.75189079837014, 458.75189079837014, 458.75189079837014, 458.75189079837014, 458.75189079837014, 458.75189079837014, 458.75189079837014, 458.75189079837014, 458.75189079837014, 458.75189079837014, 458.75189079837014, 458.75189079837014, 458.75189079837014, 458.75189079837014, 458.75189079837014, 458.75189079837014, 458.75189079837014, 458.75189079837014, 458.75189079837014, 458.75189079837014, 458.75189079837014, 458.75189079837014, 458.75189079837014, 458.75189079837014, 458.75189079837014, 458.75189079837014)
kappa_c <- 9323
alpha_T <- 20370
Ngrid <- 50
