table <-
structure(c(3233.6453750792466, 2684.170708286177, 1078.9678577054012, 1670.2400993515262, 3002.4748528819737, 2878.9449958212467, 2766.5909574703546, 1107.003971954731, 1081.3454525983186, 156.5802573667737, 3078.986209527427, 297.6231760890051, 2974.379038839485, 123.30631952725405, 122.50576066058225, 2994.4749896229127, 3249.9559039999594, 3278.93627279508, 2795.308393711237, 1022.5611702827458, 1736.7274378688398, 3097.19244748217, 2985.2235674909984, 2876.9587315035324, 1059.3930330089547, 1025.6948602816985, 17.2296349350621, 3160.6048070245192, 85.74699675445827, 3072.625613537336, 9.111718033587197, 8.952470159512979, 3090.261159427929, 3293.400987376884, 3280.5835077067977, 2831.4495264659718, 1041.0977569629158, 1766.2072761266706, 3130.582823022037, 3021.2066528828655, 2913.370593532856, 1081.5339309669698, 1044.565113944476, 0.11074689617926346, 3189.9345175531753, 8.212489116782796, 3106.913832890417, 0.018194895004107196, 0.017298173676373096, 3123.9318494724457, 3288.821241674267, 3283.7527482554055, 2842.9364615831714, 1061.1649799901957, 1774.33442682728, 3141.4525288102336, 3032.7395162809903, 2924.9749873155542, 1100.0755148555975, 1064.5021513340166, 1.0372996717981244e-10, 3199.7703077713195, 0.03122923996448692, 3118.0160752711326, 1.5612632248744135e-13, 1.303331225246494e-13, 3134.8741142503673, 3290.315995355252, 3284.970965271935, 2846.5809877949378, 1066.2306833215473, 1776.825542910916, 3144.9198796681603, 3036.406113642718, 2928.659278115078, 1104.6115400067933, 1069.517763825347, 5.637134070579143e-38, 3202.9252106097683, 1.8829332532315072e-16, 3121.5537165300307, 5.250840225125324e-47, 2.927413046901978e-47, 3138.363409819981, 3291.078462177276), .Dim = c(17, 5))
kappa <-
c(10.0, 31.6, 100.0, 316.0, 1000.0)
