table <-
structure(c(1.1843880163034635, 0.9765912065866651, 0.38794708375327497, 0.6035770798933026, 1.095605764931335, 1.0491481592913543, 1.0072188201396428, 0.3981388345364208, 0.3888112516778794, 0.05537663135867339, 1.1246645460783, 0.1057500259625395, 1.0849964570644177, 0.04354037821314598, 0.04325588906572705, 1.0925819274902668, 1.1907729706171286, 1.201293314943391, 1.0168950135965036, 0.3659058758766846, 0.6272251041193598, 1.1299109306071362, 1.0876773705132026, 1.0472430139521083, 0.3793319444284288, 0.36704784158470866, 0.005837685217313986, 1.1542094995076706, 0.02955452648382532, 1.1205894809354566, 0.003069155876633173, 0.0030150448566342624, 1.1272768689037234, 1.2072070973457738, 1.2015575126343805, 1.0300113027976374, 0.3719543411148049, 0.6379834214067537, 1.1420315221338095, 1.100746795398629, 1.0604630574281795, 0.38680977258423654, 0.3732281020857386, 3.3112608005484586e-05, 1.164827256351186, 0.0026103166088811743, 1.1330402398205792, 5.3290543155266266e-06, 5.063633410251985e-06, 1.1395006559598593, 1.2051487665713363, 1.2026425512371415, 1.0341806525307689, 0.3795075425797453, 0.6409373355956416, 1.1459821666244685, 1.1049376019109187, 1.0646772274521037, 0.39380727392122106, 0.3807344450028437, 3.64673549741533e-14, 1.1683988599002597, 7.814300423758099e-06, 1.1370755995250437, 5.488784038890199e-17, 4.5819971354957146e-17, 1.1434777654562192, 1.205600278455109, 1.2030695371563167, 1.0355035323005217, 0.3814550213205547, 0.6418409032505796, 1.1472427057381718, 1.1062701120222098, 1.0660152663597784, 0.3955397461162222, 0.38266156053620926, 1.981793376043711e-41, 1.1695450861519534, 6.6196485697621e-20, 1.138361692360094, 1.8459877388987037e-50, 1.0291626405646665e-50, 1.1447462923497063, 1.2058562013287466), .Dim = c(17, 5))
kappa <-
c(10.0, 31.6, 100.0, 316.0, 1000.0)
