table <-
structure(c(1.1750662969810346, 0.9753940734993264, 0.39208342842199406, 0.6069443677052733, 1.0910618196864725, 1.0461726142028938, 1.0053445615001106, 0.4022714018037402, 0.39294741667898797, 0.05689930624194704, 1.1188650900213188, 0.10815253879993, 1.0808521521632437, 0.04480797346983993, 0.0445170603926778, 1.0881547694055, 1.1809933392499126, 1.1915244429100982, 1.0157801187576954, 0.37158594298715597, 0.6311050355148962, 1.1254810092499132, 1.084792918279172, 1.0454508305853616, 0.3849701800374358, 0.37272468675094417, 0.006261033182749037, 1.148524267822578, 0.031159386237269576, 1.1165537289690948, 0.003311083968533582, 0.003253215288427014, 1.1229622658373009, 1.1967807393276066, 1.19212302748066, 1.0289133545053106, 0.37832190619165734, 0.6418176401325132, 1.137614654217956, 1.0978687215931606, 1.0586824459661694, 0.3930159064666998, 0.37958190038603484, 4.024457531440547e-05, 1.1591823179006837, 0.0029843149283513694, 1.1290136391545804, 6.61200358630608e-06, 6.286136849854e-06, 1.1351977735936183, 1.1951165170027473, 1.1932746898731776, 1.0330875630798022, 0.38561408599703806, 0.6447709450934713, 1.1415645693675471, 1.1020596199624497, 1.0628993375703804, 0.39975368715775433, 0.38682677229897466, 3.769417307145483e-14, 1.1627565210830413, 1.1348727437535286e-05, 1.1330480552163, 5.673435344532444e-17, 4.736142708761384e-17, 1.1391740558094212, 1.195659691802031, 1.1937173747055356, 1.0344119380993293, 0.3874548985336347, 0.6456761855261588, 1.1428245611635865, 1.1033920156207166, 1.064238162786142, 0.40140202196760666, 0.3886493825051117, 2.048464036579376e-41, 1.1639029733262747, 6.842344007134608e-20, 1.1343335898214333, 1.908089683218857e-50, 1.0637852979387935e-50, 1.1404420222087082, 1.1959367627188005), .Dim = c(17, 5))
kappa <-
c(10.0, 31.6, 100.0, 316.0, 1000.0)
