N_A <- 17
varpi <-
structure(c(-0.02062163919363438, 0.7983492239429691, 0.875202967401643, 0.7584801242153235, 0.39648292692904447, 0.18654375538336554, -0.8265549830463083, -0.959785204860123, -0.9574453276262703, -0.7127997795549689, -0.6235500899374773, -0.7619926991807761, -0.6808821635300275, -0.6279159889944896, -0.626946541895066, -0.563865087940974, -0.08521682359072252, 0.4787245317291769, 0.3483907790290688, 0.42233644152331423, 0.6516961307758623, 0.5907625356413704, 0.765825598534319, 0.15218007586994164, 0.16815499330379222, 0.1676025600771251, -0.009833110874481694, -0.1830902865721958, -0.2529604657178958, -0.26635585182489974, -0.2597006801971586, -0.2596680129009417, -0.44323916187322554, -0.448759513629148, -0.8777229464458861, -0.4911846717042152, 0.23590611694651475, 0.00023302806160272106, -0.7027096947789724, -0.6153962787968604, -0.5418930563400272, 0.22480271074569677, 0.23496345771676394, 0.7012986412341876, -0.7600415990601272, 0.5961359988953701, -0.6822419215976843, 0.7336736791450305, 0.7345138233429609, -0.6968466172575125, -0.8895802335396388), .Dim = c(17, 3))
D <-
c(14.5, 15.0, 12.3, 13.7, 11.5, 12.5, 6.6, 10.0, 10.0, 13.1, 3.9, 13.8, 4.0, 8.6, 8.3, 13.9, 13.1)
N <- 59
detected <-
structure(c(0.0811738020582476, 0.7407190612428209, 0.00896130441450698, -0.8011883214363748, -0.31708425458531314, 0.4774529742063541, 0.8668623929352789, -0.7822278482796915, 0.8215220286044466, 0.5518911795531882, 0.021499374140703704, 0.497088708437428, 0.5003134160252984, -0.9809429099500896, 0.39039072459010365, 0.6920899966692373, -0.9313088432336565, -0.689496676373766, -0.5451667774759906, 0.47926289674328737, 0.08942434171360225, 0.06991587221152967, -0.5386614235029206, 0.8634578946428848, 0.7183329804009598, 0.21192070657178902, -0.9042737423124736, 0.38367192118391397, -0.7069805040250423, -0.3615673275017393, 0.9707828163059942, -0.5536621224348816, -0.7058331227282713, -0.5411346049650118, 0.34214143610749387, 0.09301200911807399, 0.8040375995007769, 0.720411248383146, -0.2610488954566474, 0.7088970654167164, 0.5473066301040082, 0.703964713967264, -0.9645727796874545, -0.029349199792703243, -0.11048574300783118, 0.4327058265378508, 0.6743281732981423, -0.7842516961955236, -0.40563546787714244, -0.3314743990991961, -0.9482255713341625, 0.8343588200202496, -0.7296317828585883, -0.929877841476827, -0.521324073367951, 0.18105867623053729, -0.6354586523945188, 0.0028500548325160295, -0.07230558263492017, 0.8746321044519374, 0.05824299511217773, 0.7156980862697928, -0.2956850809100897, -0.3458151137413783, -0.21516242977020555, 0.09592323828028276, -0.35102363885226345, 0.5056705879180016, 0.3808070366727423, -0.28785728048417886, -0.20233409036856045, 0.6365155702184538, -0.06415482824525329, 0.6954064253026381, -0.7029627916663181, -0.331769265478686, 0.2947532264435602, -0.6214286965566135, 0.6288981867558581, -0.6977766060118215, -0.647464396173446, -0.47551149654878216, 0.4952999258339706, 0.495911153426263, -0.7636441955340723, 0.33191626169816935, -0.6777646457045953, 0.34740717389512893, 0.8974805342086761, 0.07456306885076353, 0.6483876347371977, -0.09074843263002393, -0.3747543945273249, -0.7600348111751631, 0.9919248187704015, 0.38887765687911613, 0.43469327286963333, -0.08814946389738237, 0.6735087191266956, -0.7083843977061387, 0.5269599348909234, 0.02433167518426789, 0.5613811481198666, 0.993121814040386, 0.8739455601375754, -0.3364026663186684, 0.47380415914352636, 0.24784090879397605, -0.38387650113214944, 0.3052546176869251, 0.3837570266774108, -0.6759784174329959, -0.2699470391259346, -0.4412939642273952, 0.09616287684149949, -0.43685728283288233, -0.2819944282058868, 0.27928476990081136, -0.4779429837557861, -0.6692854591517113, -0.6983523067427692, -0.5202572503302166, -0.8831021926153926, -0.8519059726500853, -0.48923238248540574, -0.5146863106229266, 0.2634365446028652, -0.7418909129730026, -0.9574319625873218, -0.8437794331569932, -0.5869705398182887, -0.18339892429202626, -0.6033282570888093, 0.16387418967937592, -0.15030965703680552, -0.661600233351411, -0.5626895767938057, -0.6122043339444986, -0.7107116821972973, -0.7588818264398326, -0.6955089413370219, -0.09549056313447908, -0.48792402807784285, -0.6098665073220805, 0.26855277727945104, -0.6272407368211738, -0.6160250177181904, 0.25258218147715655, 0.22808128447673806, -0.522543519049662, -0.7025413331860635, -0.7528163674441586, -0.552527215167032, -0.0862201836412184, -0.4497751733580198, -0.5404159432556775, -0.9612924353158452, -0.2094061983416095, -0.44569832592315783, -0.47617949190272957, 0.26269244806188174, -0.827036777300229, -0.038755168289409274, -0.22132515807294723, -0.6573543646999548, -0.4005732090301847, -0.8797924477558715, -0.8618373133140418, -0.08768058079649271, 0.3956967322712303, -0.10339555409871426, -0.24991157635759556, -0.7303977325153178, -0.978759652253408, -0.636669471180151, -0.9594118092082704, -0.9574820729503376), .Dim = c(59, 3))
A <-
c(458.75189079837014, 458.75189079837014, 458.75189079837014, 458.75189079837014, 458.75189079837014, 458.75189079837014, 458.75189079837014, 458.75189079837014, 458.75189079837014, 458.75189079837014, 458.75189079837014, 458.75189079837014, 458.75189079837014, 458.75189079837014, 458.75189079837014, 458.75189079837014, 458.75189079837014, 458.75189079837014, 458.75189079837014, 458.75189079837014, 458.75189079837014, 458.75189079837014, 458.75189079837014, 458.75189079837014, 458.75189079837014, 458.75189079837014, 458.75189079837014, 458.75189079837014, 458.75189079837014, 458.75189079837014, 458.75189079837014, 458.75189079837014, 458.75189079837014, 458.75189079837014, 458.75189079837014, 458.75189079837014, 458.75189079837014, 458.75189079837014, 458.75189079837014, 458.75189079837014, 458.75189079837014, 458.75189079837014, 458.75189079837014, 458.75189079837014, 458.75189079837014, 458.75189079837014, 458.75189079837014, 458.75189079837014, 458.75189079837014, 458.75189079837014, 458.75189079837014, 458.75189079837014, 458.75189079837014, 458.75189079837014, 458.75189079837014, 458.75189079837014, 458.75189079837014, 458.75189079837014, 458.75189079837014)
kappa_c <- 9323
alpha_T <- 20370
Ngrid <- 50
